-29 0.7316847085952759
-28 0.7442313671112061
-27 0.7591749668121338
-26 0.7721259832382202
-25 0.7817268610000611
-24 0.7946394920349121
-23 0.8064981937408447
-22 0.8200772047042847
-21 0.8336295127868653
-20 0.8454984068870545
-19 0.8561830759048462
-18 0.8669696092605591
-17 0.8784956574440003
-16 0.8929513931274414
-15 0.9080894780158997
-14 0.9174357199668884
-13 0.9257711863517761
-12 0.9341496920585632
-11 0.9401053285598755
-10 0.9439940547943115
-9 0.9559496235847473
-8 0.9661398816108704
-7 0.9647980618476868
-6 0.9720265650749207
-5 0.9749189710617066
-4 0.9823963236808777
-3 0.9873214054107666
-2 0.9938575720787048
-1 0.9901372885704041
0 0.9999999403953552
1 0.9901008105278015
2 0.9938201403617859
3 0.9871568369865418
4 0.9822759222984314
5 0.9748297429084778
6 0.9717017197608948
7 0.9644577193260193
8 0.9658162879943848
9 0.9555573058128357
10 0.9435072636604309
11 0.9394888973236084
12 0.9333096241950989
13 0.92485995054245
14 0.9168709063529968
15 0.9078288269042969
16 0.8929076433181763
17 0.8787529110908509
18 0.8675965309143067
19 0.8571411609649658
20 0.8464453458786011
21 0.8347097277641297
22 0.8212570786476135
23 0.8080470204353333
24 0.7965158462524414
25 0.7827953338623047
26 0.7730308413505554
27 0.7604757189750672
28 0.7449556231498718
29 0.7318987488746643
